
Index:  9. 10.  : 이미지 꼬임 관련 블론드 24: 이상한 이미지임
25: 묘사 없음
29: 햄스터인데 완전 다름
46
56
63
86
90
117
171
176
177
186
192
203
292
363

수정할 이미지
27
30
34
39
42
52
53
58
62
67
68
74
84
87
88 인간 지우기
98 드래곤 지우기
99 이미지 순서 바꾸기
101 순서 바꾸기
104 순서 변경
119.05 지우기
125.09 12 지우기
133 13 ~ 16 지우기
141 5 6 7 8 지우기
148 6번 제거
151 578 삭제
152 7 15 16 삭제
155 9 10 14 15 삭제
162 6 7 8 11 12 삭제
163 5 6 7 8 16
168 6 7 8 삭제
196 2 5 7 8. 
198 이미지 순서 변경 1 2
200 5 6 7 8 13 14
204 5 6 7 8 10 11 12
221 6 9 10 12
222 2 3 순서 바꾸기
223 2 3 순서 바꾸기, 23 4 9 10 11 12 지우기
226 6 7
227 9 12
228 5 6 7 8 15 16
235 6 7 8 14 
240 8 
214 16
215 5 6 8

241 5 10 13 14 15 16
243 3 5 6 7 8 13 14 15
246 1 2 순서 바꾸기
248 14 지우기
249 16 지우기
254 1 3 16 지우기
267 1 4
268 7 
272 9
274 5 6 
275 7 12 5
279 7 12 
282 6 7 8 9 13
285 6 7 
293 2 5 6 7 12
294 7 8 9 10 12 16
296 5 6 7
299 8 9
300 2 3 5 6 7 8
301 3
307 1 2 16
309 4 7 8 11 12
310 11
312 1 2 4 5 6 7 8 13 14 15 16
313 1 3 5 6 7 9 12
그냥 사람이랑 같이 있는 건 다 지움

315 5 6 7
318 1 4 9 12
326 5
327 8
328 1 3 9
329 9 12
332 5 6 7 8
333 14 15

335 2 6
343 13 14 15 16
353 10
358 12
360 5
361 12
366 3 4 5 7 8 10 11 12 16
371 2 5 6 7 8 11 12 13 14 15 16
378 10 11
379 6 7
380 1 4
384 10 11 15
389 9 10 11 
391 8 10 11 12
396 2 5